.Random.seed <-
c(10403L, 10L, 242016342L, 1415760640L, 2055175747L, 1832142305L, 
-1847652016L, -311900242L, -485163687L, -1866757269L, -1118762278L, 
-592270436L, -886881L, -1991590411L, 1053315212L, -544075422L, 
1117588797L, 100302263L, -333886882L, -454911080L, -1407765765L, 
-1289913703L, 1592689448L, 2106913238L, -971891119L, -881484541L, 
-327167854L, 1936565796L, -1293371161L, -712028867L, -698357324L, 
1785263642L, 1559295333L, 201260031L, 630905478L, 2035206672L, 
1080086707L, 1328089937L, -678058240L, 1809491422L, -82850263L, 
-484907557L, 1471015658L, -1127159668L, -1552590897L, 1334988677L, 
1403870268L, -1416704750L, -1088861683L, -775249593L, -1760992466L, 
-1706459512L, 1813313419L, -1514023063L, -1212135112L, -1853910042L, 
978396033L, 598072083L, 1180902594L, 1925857140L, 711566199L, 
-1639050131L, 1767787268L, 758379050L, -1464901739L, 2138096687L, 
2035629366L, -1680456352L, 535888803L, -640056127L, 1742570672L, 
-931601458L, -754702535L, -1824655541L, -697096966L, -1880711684L, 
1178496575L, -1930398955L, 2061324332L, 230953218L, -379102755L, 
-1402787625L, 380457918L, 1799550456L, 2100056539L, -1276903367L, 
-165553784L, -529320650L, -672092303L, 1483472291L, -888782606L, 
-391979964L, -774117625L, 1526351581L, 372271060L, -1312491782L, 
-228726203L, 1679215263L, 1221699622L, -352895824L, -1748685485L, 
-284452751L, -1103395424L, -1660520130L, 779462729L, 2101222651L, 
1749054666L, 670050860L, -307155409L, 1932127973L, -1383963748L, 
1185064434L, -1856257939L, 304286119L, -160220210L, 666894632L, 
-1949408469L, -299400887L, 1796421208L, -1000831226L, 66757345L, 
-286800269L, 1903300322L, 1130451540L, 1094417239L, -177406131L, 
-463920412L, -1974744374L, -288603339L, 171444623L, -1183670634L, 
1467448896L, 900409091L, 2070241057L, 1472899088L, -2033651730L, 
-131788903L, -442664917L, 255040794L, 1953263580L, 1515549151L, 
1667650997L, -1261448372L, 417673634L, -1986518787L, -1674686985L, 
-1098925282L, 324994520L, -127172805L, 1941502169L, -1951820696L, 
-48281194L, -876668655L, 1692211907L, -449662254L, 1652511588L, 
-1420609881L, -1973239811L, 527350260L, -1447221542L, -1036797915L, 
-1447840449L, -511567162L, 875247440L, 669714291L, 1306216849L, 
1832336320L, 1074982302L, -453542039L, 32439195L, -1441357142L, 
-959132468L, 142349711L, 946762181L, -387172996L, 466017746L, 
-792319667L, -761857017L, -2118140946L, -1235328312L, -1975853621L, 
-457058263L, -342950280L, 147823526L, -2028352063L, 29641299L, 
-978288382L, -1490089932L, 1254232503L, -1204505171L, 2097344196L, 
-1736080662L, 1042019669L, 676506351L, -1992582922L, 1940158496L, 
-1491899933L, -1618134399L, 461149424L, -1174926450L, -1595177735L, 
1711591051L, -972316998L, -2027105860L, -451927297L, 988599893L, 
221720940L, -185241150L, 2080713245L, 1584681623L, -2004861954L, 
379320248L, -1333130341L, 917426681L, -835747512L, 1581390966L, 
-1963759183L, 167229411L, -739523406L, 394021124L, 1318859335L, 
-1003064035L, -576138348L, -1813485766L, 1362971525L, 321519711L, 
1515946726L, -1364457104L, 1859957395L, -1949760416L, 224694652L, 
-1805840432L, 929982754L, 1407786664L, -311209076L, 715199676L, 
-824613070L, 600404544L, -1378628428L, 43934792L, -1431518790L, 
-672109040L, -1009989396L, -115617452L, 1370664722L, 1991898528L, 
-1583822132L, 1601693280L, -1779875902L, -644211928L, 499869100L, 
1150597436L, -1797646478L, 1635645744L, 480800548L, 2121727288L, 
-1126368550L, 1594926992L, 1526563580L, -159641708L, 1226618946L, 
-1395671808L, 1327543356L, -395893424L, 1540491426L, 515217224L, 
341085964L, 1708231388L, -2035627182L, -1540332928L, -1698314156L, 
1209246696L, 257169146L, -1069158064L, -1625052372L, 89915252L, 
-1677927534L, 1655963232L, -1629937780L, -393043104L, -185188382L, 
668450728L, -1147976500L, -1629028868L, 975799218L, -235949584L, 
694604228L, -752156328L, -1350961798L, -787312208L, 716169148L, 
38858836L, 2011575234L, -1556800480L, -1069859652L, -523275696L, 
-82970654L, -540094872L, -514196916L, 1027838204L, -947748878L, 
1869706496L, -659804300L, -1151401976L, -453919302L, -864713264L, 
1618172908L, 99418004L, -187296814L, -142514336L, 951172428L, 
-116212448L, -1329716350L, 1234399976L, -1304214292L, 915743292L, 
1632027506L, 103946864L, -542560220L, 1396604728L, 1244128410L, 
-1412998448L, -646920004L, 378549908L, 1303645826L, -1901028160L, 
-308776644L, 642820240L, -1715871198L, 1883643400L, -1165616884L, 
-241399140L, 875095570L, -1673198208L, 798897684L, 1198190120L, 
516764986L, 1338488784L, 151659116L, 673640244L, 82975378L, 1507891552L, 
1263470924L, 1755062240L, -855541854L, -441241688L, -275848308L, 
-1197369668L, -1845888142L, -1188407056L, 1664061508L, -1194328744L, 
-1694759878L, 1376058224L, -314414020L, 284148500L, 170500546L, 
2072412384L, 1000900476L, -1533200688L, 302270114L, -464384984L, 
-1113648884L, 493300668L, -1009124046L, -1300039744L, 1183265332L, 
-612680760L, 1876808890L, 1426358160L, 1615343084L, 432877652L, 
-38252910L, 566678304L, 772842956L, 1654389728L, 265460418L, 
954714664L, -560601428L, 580512444L, 355879410L, 65411376L, 161365156L, 
933804728L, -1862315174L, -1001917040L, -2106244740L, 1063216404L, 
-1034153662L, 104119040L, 33573820L, -302730416L, 880220450L, 
-872989368L, 2067863564L, 112836700L, 1413143762L, 1530214400L, 
-1057309868L, -1751852568L, 1556074490L, 1362693840L, 1194841388L, 
985235700L, -830015598L, 1303632992L, -1652593396L, 1413021408L, 
-466502302L, 678863528L, 842451532L, 715655036L, 535087922L, 
1531098736L, -1023345340L, -1937466408L, -1117470598L, -1454696912L, 
-1365704004L, -1598134444L, 2065306178L, 1266320288L, 1889116348L, 
1798945232L, -739433118L, -401658904L, -1378332724L, 2087925500L, 
559230962L, 2038340736L, -527451916L, 1331913864L, 1184843066L, 
-1907936432L, -1303036820L, -1695313772L, 826243410L, 1303938784L, 
108306636L, 655315104L, 1043059074L, 52793576L, 395071724L, 860549180L, 
532574322L, 355162224L, 517610020L, -1474448840L, -859643366L, 
1781475536L, -1999006148L, -1988840300L, 822273154L, -798470208L, 
-995162820L, -276253040L, -410942605L, -1200684908L, -1674189534L, 
-1803373513L, 597732609L, 683053062L, 1477912132L, 1487191925L, 
472150751L, 246148664L, 393776662L, 495583779L, -576516635L, 
1040909314L, -960649616L, -1413209063L, 1716373003L, 357070076L, 
1656912170L, 238083935L, -1419165975L, -811409922L, 1445212652L, 
988985661L, 95136007L, -1270294288L, 2017608846L, 2055782075L, 
1435274909L, -1780827574L, -2145707928L, -1261041583L, -1493288125L, 
-1516966332L, -1732326158L, -635049785L, 317852305L, -613788650L, 
486760052L, 367700229L, -1514510513L, 1080840520L, 1222868198L, 
-854003181L, -495893131L, 55851346L, 2070516128L, 237234313L, 
481951931L, 1763482380L, -1295390054L, 707485711L, 1971266649L, 
2121984238L, -178492548L, -139577363L, -1884417897L, -515302560L, 
-344204482L, 944591883L, -709094259L, -1838766662L, 671419384L, 
-291453023L, -539885229L, 1178067060L, -590335486L, 429517975L, 
-1021743519L, 327538342L, 2082922148L, 267975509L, 384292863L, 
1732437656L, -390779978L, 2139267139L, -40986235L, -1683953118L, 
211009808L, 1649107129L, -1374485141L, -1433985956L, -2139491958L, 
1405982079L, 275077321L, 1596955998L, 27614732L, -1675652643L, 
1722847463L, 847783184L, 462171182L, -1959398693L, -1515412547L, 
32914730L, 1798013384L, -1170129167L, -813313949L, 228942948L, 
146032530L, 482946151L, 1505993777L, 1732947318L, -129684844L, 
-45229915L, -635707985L, -1249245592L, 932462150L, -1160381453L, 
896871253L, -8551118L, 2086537472L, -212971031L, 1253688411L, 
-138338644L, 571324602L, 393564783L, -1764425735L, 914407054L, 
-1243631780L, 2014704589L, -2050010313L, -1964136000L, -1672814946L, 
1723860843L, 971276013L, 997862234L, 1315670040L, -504715903L, 
1114542899L, -1727225516L, -2025077918L, -1740488713L, -611327935L, 
850855110L, 1492967940L, 711437749L, -559132001L, -1164918024L, 
-886966570L, -185883805L, 1449347877L, -1790445374L, 1371952560L, 
260167129L, 552346443L, -115678788L, 836870634L, -1085491681L, 
